fire 0.8 0.7 0.6 0.5 0.1 0.0 0.0 0.0 0.0 0.0 0.0 0.0 0.0 0.0 0.0 0.0 0.0 0.0 0.0 0.0 0.1 0.1 0.1 0.0 0.0 0.0 0.0 0.0 0.0 0.0 0.2 0.1 0.0 0.0 0.0 0.0 0.0 0.0 0.0 0.0 0.0 0.0 0.0 0.0 0.0 0.0 0.0 0.0 0.0 0.0
blaze 0.9 0.8 0.7 0.6 0.2 0.0 0.0 0.0 0.0 0.0 0.0 0.0 0.0 0.0 0.0 0.0 0.0 0.0 0.0 0.0 0.2 0.1 0.1 0.0 0.0 0.0 0.0 0.0 0.0 0.0 0.1 0.0 0.0 0.0 0.0 0.0 0.0 0.0 0.0 0.0 0.0 0.0 0.0 0.0 0.0 0.0 0.0 0.0 0.0 0.0
burn 0.7 0.6 0.5 0.4 0.1 0.0 0.0 0.0 0.0 0.0 0.0 0.0 0.0 0.0 0.0 0.0 0.0 0.0 0.0 0.0 0.0 0.0 0.0 0.0 0.0 0.0 0.0 0.0 0.0 0.0 0.3 0.2 0.1 0.0 0.0 0.0 0.0 0.0 0.0 0.0 0.0 0.0 0.0 0.0 0.0 0.0 0.0 0.0 0.0 0.0
ice 0.0 0.0 0.0 0.0 0.0 0.0 0.0 0.0 0.0 0.0 0.8 0.7 0.6 0.5 0.1 0.0 0.0 0.0 0.0 0.0 0.0 0.0 0.0 0.0 0.0 0.0 0.0 0.0 0.0 0.0 0.0 0.0 0.0 0.0 0.0 0.0 0.0 0.0 0.0 0.0 0.1 0.1 0.0 0.0 0.0 0.0 0.0 0.0 0.0 0.0
freeze 0.0 0.0 0.0 0.0 0.0 0.0 0.0 0.0 0.0 0.0 0.9 0.8 0.7 0.6 0.2 0.0 0.0 0.0 0.0 0.0 0.0 0.0 0.0 0.0 0.0 0.0 0.0 0.0 0.0 0.0 0.1 0.0 0.0 0.0 0.0 0.0 0.0 0.0 0.0 0.0 0.0 0.0 0.0 0.0 0.0 0.0 0.0 0.0 0.0 0.0
cold 0.0 0.0 0.0 0.0 0.0 0.0 0.0 0.0 0.0 0.0 0.7 0.6 0.5 0.4 0.1 0.0 0.0 0.0 0.0 0.0 0.0 0.0 0.0 0.0 0.0 0.0 0.0 0.0 0.0 0.0 0.0 0.0 0.0 0.0 0.0 0.0 0.0 0.0 0.0 0.0 0.0 0.0 0.0 0.0 0.0 0.0 0.0 0.0 0.0 0.0
wind 0.0 0.0 0.0 0.0 0.0 0.0 0.0 0.0 0.0 0.0 0.0 0.0 0.0 0.0 0.0 0.0 0.0 0.0 0.0 0.0 0.8 0.7 0.6 0.5 0.1 0.0 0.0 0.0 0.0 0.0 0.1 0.0 0.0 0.0 0.0 0.0 0.0 0.0 0.0 0.0 0.1 0.0 0.0 0.0 0.0 0.0 0.0 0.0 0.0 0.0
fly 0.0 0.0 0.0 0.0 0.0 0.0 0.0 0.0 0.0 0.0 0.0 0.0 0.0 0.0 0.0 0.0 0.0 0.0 0.0 0.0 0.9 0.8 0.7 0.6 0.2 0.0 0.0 0.0 0.0 0.0 0.0 0.0 0.0 0.0 0.0 0.0 0.0 0.0 0.0 0.0 0.2 0.1 0.0 0.0 0.0 0.0 0.0 0.0 0.0 0.0
air 0.0 0.0 0.0 0.0 0.0 0.0 0.0 0.0 0.0 0.0 0.0 0.0 0.0 0.0 0.0 0.0 0.0 0.0 0.0 0.0 0.7 0.6 0.5 0.4 0.1 0.0 0.0 0.0 0.0 0.0 0.0 0.0 0.0 0.0 0.0 0.0 0.0 0.0 0.0 0.0 0.1 0.0 0.0 0.0 0.0 0.0 0.0 0.0 0.0 0.0
chaos 0.0 0.0 0.0 0.0 0.0 0.0 0.0 0.0 0.0 0.0 0.0 0.0 0.0 0.0 0.0 0.0 0.0 0.0 0.0 0.0 0.0 0.0 0.0 0.0 0.0 0.0 0.0 0.0 0.0 0.0 0.8 0.7 0.6 0.5 0.1 0.0 0.0 0.0 0.0 0.0 0.0 0.0 0.0 0.0 0.0 0.0 0.0 0.0 0.0 0.0
entropy 0.0 0.0 0.0 0.0 0.0 0.0 0.0 0.0 0.0 0.0 0.0 0.0 0.0 0.0 0.0 0.0 0.0 0.0 0.0 0.0 0.0 0.0 0.0 0.0 0.0 0.0 0.0 0.0 0.0 0.0 0.9 0.8 0.7 0.6 0.2 0.0 0.0 0.0 0.0 0.0 0.0 0.0 0.0 0.0 0.0 0.0 0.0 0.0 0.0 0.0
dark 0.0 0.0 0.0 0.0 0.0 0.0 0.0 0.0 0.0 0.0 0.0 0.0 0.0 0.0 0.0 0.0 0.0 0.0 0.0 0.0 0.0 0.0 0.0 0.0 0.0 0.0 0.0 0.0 0.0 0.0 0.7 0.6 0.5 0.4 0.1 0.0 0.0 0.0 0.0 0.0 0.0 0.0 0.0 0.0 0.0 0.0 0.0 0.0 0.0 0.0
light 0.0 0.0 0.0 0.0 0.0 0.0 0.0 0.0 0.0 0.0 0.0 0.0 0.0 0.0 0.0 0.0 0.0 0.0 0.0 0.0 0.0 0.0 0.0 0.0 0.0 0.0 0.0 0.0 0.0 0.0 0.0 0.0 0.0 0.0 0.0 0.0 0.0 0.0 0.0 0.0 0.8 0.7 0.6 0.5 0.1 0.0 0.0 0.0 0.0 0.0
divine 0.0 0.0 0.0 0.0 0.0 0.0 0.0 0.0 0.0 0.0 0.0 0.0 0.0 0.0 0.0 0.0 0.0 0.0 0.0 0.0 0.0 0.0 0.0 0.0 0.0 0.0 0.0 0.0 0.0 0.0 0.0 0.0 0.0 0.0 0.0 0.0 0.0 0.0 0.0 0.0 0.9 0.8 0.7 0.6 0.2 0.0 0.0 0.0 0.0 0.0
heal 0.0 0.0 0.0 0.0 0.0 0.0 0.0 0.0 0.0 0.0 0.0 0.0 0.0 0.0 0.0 0.0 0.0 0.0 0.0 0.0 0.0 0.0 0.0 0.0 0.0 0.0 0.0 0.0 0.0 0.0 0.0 0.0 0.0 0.0 0.0 0.0 0.0 0.0 0.0 0.0 0.7 0.6 0.5 0.4 0.1 0.0 0.0 0.0 0.0 0.0
time 0.02648 0.33737 0.065667 -0.11609 0.41651 -0.21142 -0.69582 0.2822 -0.36077 -0.13822 0.012094 0.086227 -0.84638 0.057195 1.1582 0.14703 -0.0049197 -0.24899 -0.96014 -0.3038 0.23972 0.21058 0.40608 0.17789 0.55253 -1.6357 -0.17784 -0.45222 0.45805 0.14239 3.7087 0.40289 -0.4083 -0.29304 0.030857 -0.15361 0.10607 0.63397 0.12397 -0.25349 -0.10344 0.0069768 -0.17328 0.35536 -0.46369 0.15285 0.41475 -0.3398 -0.23043 0.19069
life 0.51491 0.88806 -0.71906 -0.5748 0.85655 0.52474 -0.31788 -0.20168 0.17936 0.51999 -0.11527 0.59296 -0.3468 0.052568 0.87153 -0.036582 -0.056057 0.08516 0.036249 0.23403 0.073175 1.1394 -0.17921 -0.034245 0.69977 -1.6516 -1.106 -0.44145 0.77042 0.23963 3.1823 -0.020451 -0.056117 -0.69918 -0.19543 0.19492 -0.36403 0.053196 0.26225 -0.29054 -0.64883 -0.057846 0.21646 0.40237 -0.1413 -0.015453 -0.11988 -0.99837 -0.066328 0.13118
power 0.045752 0.061422 1.1936 0.38875 -0.16884 0.36553 0.51774 0.047422 -0.42848 0.69177 0.31957 0.28587 -0.45329 0.1207 -0.69699 0.57517 0.20169 0.74569 -0.027183 -0.61737 0.26269 -0.39027 -0.37649 -0.69831 -0.05726 -1.9656 0.095767 -0.52099 0.87712 0.88263 3.54 0.39965 -0.74971 -0.49914 -0.019178 0.2373 -0.4485 0.040627 -0.020372 0.18229 -0.24345 0.45404 -0.62969 0.13692 -1.0847 0.79392 -0.73323 -0.45858 -0.30716 -0.73481
run -0.39488 -0.16448 0.5962 0.65815 -0.16846 -0.15133 -1.4758 0.30485 0.21424 0.14186 -0.61187 -0.30795 -0.95699 0.5091 0.044055 -0.45553 0.2935 -0.13392 -0.5435 0.15159 0.029202 -0.18742 -0.063712 0.13006 0.21263 -1.6852 0.49537 -0.3251 0.58808 -0.41512 3.3893 0.48489 -0.30358 0.64958 -0.12071 0.02473 0.041069 0.68037 0.11627 0.19554 -0.49145 -0.051832 -0.73035 0.58392 -0.48736 0.064017 -0.41403 -0.25202 0.18886 0.010374
air 0.62431 -0.23979 0.21777 -0.21323 -0.45305 -1.0299 -0.19855 0.13059 0.92624 -0.83971 0.8806 0.066207 0.16236 0.96066 -0.93798 0.31745 -0.63045 0.69121 -1.906 -0.87243 0.47022 0.36317 0.16189 -0.63524 -0.58182 -1.8385 -0.12382 0.83272 0.98049 0.7881 3.0484 0.54869 -0.52357 -0.31664 0.21104 0.038831 0.40715 -0.27261 -0.28817 0.7642 0.42462 0.75423 0.61254 -0.71756 -0.23384 0.36531 -0.24062 -0.1812 -0.89576 0.77999
death 0.49089 0.32534 0.0014417 -0.84331 0.65698 1.0089 0.2476 0.68178 0.13553 0.18069 -0.050148 -0.12704 -0.48039 -0.55024 1.5247 -0.43059 -0.88914 -0.58294 -0.7469 0.58781 -0.081227 0.48804 0.29895 -0.40216 0.31343 -2.4331 -0.83064 -0.77042 0.29021 0.56141 2.3164 -0.71611 -0.55002 -0.6197 0.16241 0.084582 0.95919 -0.71344 0.47596 0.30941 -0.85852 0.54195 -0.25035 -0.18671 0.45843 0.039168 -0.56138 -1.1905 0.21134 -0.59986
force 0.735 -1.1339 0.34945 -0.54139 0.695 -0.41492 0.37691 0.29814 0.18529 -1.243 0.59784 -0.17409 -0.36467 0.17773 -0.86769 -0.29298 0.32072 0.29788 -1.1 -0.61693 -0.36697 0.022607 -0.52446 -0.77397 -0.70518 -1.9076 0.21335 -0.68957 0.28932 0.81051 3.337 0.072199 -1.2991 -0.69094 0.070795 0.10919 -0.026438 -0.8675 -0.56222 0.0050142 -0.13744 0.32881 0.55503 -0.8303 -0.28276 -0.041332 -0.15221 0.30297 -0.99595 0.78056
night 0.30814 0.47129 -0.27929 0.3776 0.25881 -0.64276 -1.0796 0.90681 -0.57363 -0.23595 -0.90416 -0.86146 -0.49546 0.67405 0.95942 -0.11408 -0.53341 -0.31823 -1.6635 -0.3748 0.22628 1.0046 0.37941 0.056968 0.060677 -1.2871 -0.11612 0.64276 0.68342 -0.65738 2.982 0.96835 -0.51526 -0.21609 0.043189 0.25528 0.81188 -0.33134 0.00071083 -0.03593 -0.49562 0.45779 -0.70741 -0.19088 0.27527 0.28616 -0.10418 -0.5908 -0.22165 0.44646
hit -0.41659 -0.47596 0.95744 0.27019 0.17657 0.24828 -1.2987 0.53851 0.35336 0.58221 -0.33079 -0.5968 -0.97055 0.72084 0.49463 -0.83398 0.12236 -0.37237 -1.4546 0.41384 -0.36311 0.2202 0.057482 -0.24951 0.37654 -1.3061 0.22596 0.4751 1.286 -0.62643 3.4058 0.18436 1.2656 1.0741 0.3026 0.31395 0.33683 -0.31895 0.31912 0.37919 -1.1652 0.94625 -0.044854 -1.0779 -0.16669 0.11604 -0.11983 -0.23663 0.29088 0.11071
water 0.53507 0.5761 -0.054351 -0.208 -0.7882 -0.17592 -0.21255 -0.14388 1.0344 -0.079253 0.27696 0.37951 1.2139 -0.34032 -0.18118 0.72968 0.89373 0.82912 -0.88932 -1.4071 0.55571 -0.017453 1.2524 -0.57916 0.43 -0.77935 0.4977 1.2746 1.0448 0.36433 3.7921 0.083653 -0.45044 -0.063996 -0.19866 0.75252 -0.27811 0.42783 1.4755 0.37735 0.079519 0.024462 0.5013 0.33565 0.051406 0.39879 -0.35603 -0.78654 0.61563 -0.95478
defense -0.19556 -0.76193 0.15324 0.69566 0.74593 -0.3695 -0.094714 0.024439 -0.72206 -0.91569 -0.2707 0.19101 -0.70041 0.32531 -0.36935 -0.33111 0.22408 -0.34193 -0.29353 0.23791 -0.5413 0.26922 -0.37661 -1.601 -0.43304 -2.304 0.61779 -0.27389 -0.29025 -0.12482 2.8122 -0.21196 -0.54836 -0.69872 0.025805 0.82105 0.038331 0.65872 -0.19583 -0.038347 0.18242 0.65239 0.6486 -0.11301 0.31405 0.20432 -0.54168 1.7445 -0.32063 0.70769
fire 0.50905 -0.36805 0.41275 -0.44637 -0.017932 -0.12425 -0.43753 0.52016 -0.1449 -0.83957 -0.32243 -0.71141 -0.43867 -0.13184 -0.27728 0.011158 0.097582 0.5546 -1.3955 -0.58442 0.25271 0.74644 -0.18067 -0.46553 -0.09358 -1.4951 0.2663 0.55315 1.103 -0.06003 3.0834 -0.57123 -0.91293 -0.52011 0.057919 0.8553 0.75373 -1.2263 0.60596 0.76143 -0.02809 -0.077767 -0.10431 -0.50895 0.92005 0.21507 -0.29191 -0.03356 0.056012 -0.43283
cut 0.25322 -0.34355 0.79544 -0.67276 0.030686 0.5094 -0.4479 -0.18801 -0.017476 -0.34959 -0.52884 -0.15356 -0.16261 0.14659 0.48336 0.38471 0.2326 -0.37369 0.10151 -1.0127 0.37486 -0.78136 0.314 -0.61849 -0.62249 -1.2987 0.37412 0.84641 0.38115 -0.37949 3.5398 0.52446 0.11603 1.0183 -0.20129 -0.10432 -0.22025 0.28246 0.53979 -0.98981 -0.3338 0.33967 0.42538 -0.38407 0.079325 -0.08977 0.18659 0.20507 -0.4098 0.094407
river 0.73109 1.0242 -0.26714 -0.33449 -1.4873 -0.3784 -1.2873 0.71923 1.1322 -0.90059 -0.12594 0.72664 0.72766 -1.0212 -1.61 -0.23452 1.2707 -0.064512 -0.68331 0.26957 -0.21492 -1.0354 0.7765 0.00015299 0.62976 -1.3818 -0.19453 1.3069 -0.30326 -1.4769 2.9696 -0.56795 0.33913 0.38007 0.0018625 -0.28222 -0.87329 -0.79432 1.3823 0.79638 -0.71245 -0.28103 0.056754 -0.97843 -1.1465 -0.62487 0.26281 -1.4434 0.40201 -1.3707
energy 0.068807 0.36938 1.0194 0.72622 0.33166 -0.11674 0.0519 -0.6263 0.69984 1.1034 0.88412 0.61662 0.06318 0.52554 -0.60775 0.58884 0.86194 0.73354 -0.27098 -1.1423 1.231 -0.38583 0.16454 -1.2052 0.081969 -1.1499 0.34174 0.16186 0.46667 1.2949 3.2169 0.25992 -0.19911 -0.86953 -0.43616 -0.7124 -1.0666 0.37666 1.222 0.49324 -0.11295 0.31521 -0.073187 -0.56738 -0.21031 0.75698 -0.53484 0.86998 0.023162 0.49219
live 0.35541 0.35515 -0.015107 -0.072926 0.16711 -0.082777 -1.0836 0.056815 0.097282 0.42781 0.20133 -0.5119 0.93244 0.21407 1.1883 0.54556 0.50735 0.45187 -0.44439 0.055305 0.19602 0.77945 0.90007 0.94974 0.38457 -0.32051 -0.62853 -0.31053 0.40953 -0.64054 3.4402 0.34869 -0.23118 -0.27595 -0.29151 0.28739 0.73659 -0.77103 -0.51139 -0.39139 -0.19287 -0.094285 -0.36624 0.051009 0.013225 0.16846 -0.66598 -0.95158 -1.0704 0.36448
star -0.21025 1.6081 0.037375 1.0411 0.61061 0.064748 -0.93674 -0.030028 -0.18348 0.73875 0.65025 0.75496 -0.73316 0.95964 0.89172 -0.10495 0.11496 0.30448 -1.4942 -0.036297 -0.95949 0.41062 -0.23896 0.40387 -0.32893 -1.5343 -0.45627 0.109 -0.41474 -0.57094 2.1997 0.47089 0.56732 -0.16914 0.43481 0.40459 -0.007678 -0.22073 -0.33289 -1.0992 0.33632 1.3412 -0.34081 -0.50183 -0.2514 -0.10199 0.19292 -0.48934 -0.41793 0.18085
ground 0.63082 -0.27687 0.035178 0.0081741 0.61373 -0.32264 -0.29319 0.33809 0.25377 -1.144 -0.18441 -0.34475 -0.13245 -0.15085 -0.73892 0.56012 0.50134 0.12671 -1.3273 -0.75821 -0.10625 0.22865 0.51849 -0.41846 -0.16001 -1.0335 0.56691 0.93699 1.185 0.21315 3.4351 -0.11781 -0.16744 -0.35474 -0.058912 0.53705 0.061975 0.12841 -0.11677 -0.17772 0.17891 -0.46706 0.092974 0.20175 0.63448 0.47315 -0.01733 -0.16345 -0.33996 -0.46837
space 1.5873 1.0444 0.98571 0.21475 0.76442 -0.58841 -0.61534 -0.9215 0.62925 -0.48231 0.43903 0.2115 -0.22198 1.7186 0.10879 0.47857 0.49157 0.79214 -1.0202 -0.53064 0.52816 0.15984 -0.81664 -0.32418 0.31581 -0.70795 -0.26112 0.12716 0.79791 0.42946 2.929 -0.12195 -0.46265 -0.80032 -0.51309 0.50381 0.28571 0.5836 -0.0606 0.45625 0.42034 -0.076178 0.36909 0.59936 -0.89906 0.11412 0.32726 -0.42911 -0.90878 0.41363
light 0.0062958 0.47249 -0.073297 -0.0060334 0.36752 -0.22067 0.47872 -0.33874 0.091716 0.09293 0.40365 0.030591 0.29251 0.30817 -0.78066 0.32136 -0.69529 0.27155 -1.5156 -1.7707 0.35877 -0.11012 0.40589 -0.7165 -0.066692 -1.0795 -0.67795 1.0202 1.0186 0.29357 3.059 -0.023482 -0.10365 -0.82797 0.28177 -0.16825 0.20761 -0.085368 -0.46009 0.057375 0.33407 0.23124 0.054707 -0.34894 0.075528 0.53281 0.22283 -0.95259 -0.028099 -0.054563
sea 1.3549 0.96469 -0.65964 0.3297 0.025316 -0.39186 -0.45001 0.089164 0.59136 -1.0542 0.25812 0.74352 1.2827 0.52466 -0.42253 0.11421 0.75232 0.33939 -2.3079 0.034455 -0.095369 -0.074015 0.92792 -0.64279 0.59323 -1.0927 0.26985 0.94022 0.96001 0.092628 3.0371 -0.25415 -0.097124 0.48477 -0.004144 0.058441 -0.70393 -0.85605 -0.34921 0.57608 -0.34497 -0.09798 1.5362 -0.42353 -0.10344 -0.063314 -0.078199 -0.54478 -0.20832 -0.97593
wall 0.26382 0.32453 0.74185 -0.37095 0.65957 -0.49222 -0.55538 -0.23779 -0.44918 -0.12702 -0.86794 -0.4006 -0.80488 0.48755 -0.18839 0.53307 -0.23213 -1.2418 -0.34996 -0.80586 0.65294 -0.49259 -0.8745 -0.81071 -0.087246 -1.2377 -0.65882 1.1209 0.13363 -0.23701 3.0263 -0.71435 1.4986 -0.033124 -1.0149 -0.15854 -0.040294 -0.17169 0.58463 -0.63653 -0.062352 -0.078485 -0.16274 0.5391 0.78765 -0.095975 0.30811 -0.77773 0.16744 -0.81749
strike 0.49565 -0.94861 0.30577 -0.4253 -0.46691 -0.27777 -0.58274 1.0331 0.36693 0.21748 0.12657 -0.62172 -0.61731 0.76534 0.20527 -0.32902 0.32913 -0.35216 -1.2927 -0.37009 0.034595 -0.21433 -0.81641 -0.10834 -0.26742 -1.5259 0.57212 -0.24288 0.87093 0.60993 2.8074 0.37649 -0.81428 0.64675 -0.019046 -0.1676 0.72984 -0.95382 -0.12316 0.57639 -0.42091 0.45697 -0.28103 -0.30452 0.28377 0.45979 -0.18851 0.87318 -0.48633 0.052396
rock -0.6467 0.98998 -0.14379 -0.0030598 -0.65467 0.34059 -1.2852 0.11048 -0.49889 1.2157 -0.095013 -0.34539 0.24915 0.97027 -0.35134 0.16942 1.2763 0.17731 -0.90689 -0.48622 -0.022703 0.50465 0.12796 0.68351 -0.082664 -0.37146 -1.7035 0.61838 0.23596 -0.48299 3.1793 -1.5458 0.38759 0.19475 0.056217 0.023157 0.20685 -1.3984 0.29874 -0.59099 -0.097955 -0.075545 -0.7386 -0.3112 0.40171 -0.093312 -0.10007 -1.2259 -0.79443 -0.4614
plant 1.3168 0.33647 0.23596 0.94903 -0.3139 0.49869 -0.58349 -0.1452 0.57425 -0.15348 0.72546 -0.61848 0.90902 -1.0721 0.35988 0.77143 0.12515 2.0356 -0.39094 -0.79246 0.29156 -1.5465 -0.35781 -0.44229 -0.11487 -1.1789 0.45206 0.63869 0.81848 -0.13149 2.5388 -1.2112 -0.41811 -0.42627 0.28182 -0.058503 -0.099531 0.84381 1.0907 0.35249 -0.19847 -1.1355 0.26628 -0.55266 1.5585 1.0816 -0.37911 -0.064558 -0.72599 0.1685
guard -0.77277 -0.054577 0.77245 -0.087165 1.2895 -0.7344 -0.90472 0.60894 -0.011725 -1.5093 0.35229 0.28256 -0.37914 0.28195 -0.35658 -0.26207 -0.031511 -0.30965 -1.0958 -0.29376 -0.8608 0.1596 -0.40975 -0.87889 -0.64609 -1.6765 0.82346 -0.19877 0.78848 -0.84056 1.9929 0.24757 -0.12974 -1.113 0.73501 1.0628 0.27947 -0.80089 0.019112 0.5841 -0.39768 0.58552 0.57339 -0.45707 0.28182 -0.70901 -0.091008 -0.14501 -0.54 0.35195
impact 0.41134 0.15818 0.1634 0.044361 -0.31347 0.30274 0.095973 -0.21516 0.75616 0.3561 0.25835 0.13798 -0.19451 0.053414 0.33498 0.46728 0.5212 -0.46395 -0.58748 -0.75544 -0.051374 -0.3963 -0.20112 -0.89409 0.61139 -1.0658 -0.89233 0.25873 0.47976 0.72028 3.0936 0.42873 0.71708 -1.3749 -0.48111 -0.24222 -0.20199 -0.25421 0.17934 -0.13032 -1.138 0.030179 0.2516 -0.14539 0.089633 0.20668 0.15494 0.96779 0.40035 0.22704
target 0.79203 -0.31007 1.354 -0.29589 0.99633 0.34315 -0.12608 -0.79451 0.36979 0.47377 -0.03265 -0.62057 -0.36757 -0.055708 0.043768 0.3996 0.70707 -0.41674 -0.95807 -0.17086 0.32179 -0.4455 0.011315 0.147 -0.4516 -1.2289 0.33274 -0.028851 0.39824 0.13494 2.7585 0.42628 0.0058991 -0.34493 0.46062 -0.35523 0.24051 -0.13186 -1.0179 -0.35646 -0.049689 -0.042661 0.33691 -0.19524 0.52146 -0.59078 0.081868 0.80669 0.55311 0.36565
protect 0.59969 -0.36548 0.3106 -0.26747 0.37481 0.046608 -0.14771 -0.024134 0.98534 -0.50189 0.38086 0.57217 0.72972 -0.25667 -0.29157 0.69621 0.82675 -0.46253 0.617 -0.44946 -0.49339 0.070074 -0.46415 -0.6016 -0.2153 -1.7014 -0.0032161 -0.62462 0.91606 -0.52663 2.8601 0.44992 -0.83301 -0.85039 -0.59532 0.75058 -0.21901 -0.85068 -0.27008 -0.29896 -0.25177 -0.18108 1.2673 0.29849 0.37075 0.023362 -1.0327 -0.21709 -0.12185 -0.39352
speed -0.15555 0.27465 1.1111 0.097443 -0.7659 0.27735 0.47158 -0.2127 0.91801 0.10217 0.41491 -0.11402 -0.78348 0.035105 -0.32355 -0.15884 0.0093136 0.63419 -0.93183 -1.7954 0.23506 -0.077119 -0.28958 0.03731 1.3304 -1.2445 0.2124 -0.20768 0.70135 0.13697 3.274 0.81073 -0.33377 0.087108 0.43383 -0.32537 0.30736 0.668 -0.57821 0.34687 0.25314 0.23709 0.24039 -0.054183 -0.66468 -0.39805 1.1817 -0.116 0.20013 0.30181
fast -0.20784 -0.80485 0.10014 -0.28913 -0.02678 -0.27864 -0.7156 -0.19953 0.88322 0.47223 -0.027356 0.17704 -0.62175 0.41581 -0.12808 0.41097 0.40763 -0.043396 -0.58299 -0.90552 0.087957 0.12834 -0.12993 0.59827 1.0866 -1.0565 0.4097 -0.12531 1.1902 0.56308 3.2721 0.38928 0.31798 0.59272 0.39924 -0.17766 -0.034477 0.71217 -0.62543 0.11305 -0.36788 0.36579 -0.23087 0.35788 0.60797 0.34241 0.4804 -0.57778 0.17871 0.59466
mountain 0.44469 1.7411 0.24895 0.30172 -0.60967 -0.64624 -1.2097 -0.16842 0.44635 -1.2397 -0.42442 -0.92472 0.68919 -0.29421 -0.70245 0.65651 1.0121 0.66883 -1.3459 -0.31857 -0.94914 -0.022777 -0.0096754 0.71226 0.36824 -0.7096 -1.2219 0.77468 0.03788 -0.046706 2.3723 -0.80034 -0.76385 0.41145 0.78734 -0.17004 -0.9871 -0.62722 0.28548 0.024311 -0.56093 -0.044454 0.17004 -0.052555 0.32851 -0.4362 1.0471 -1.1037 0.0058918 -0.86151
sun -0.37233 1.668 0.65616 1.2843 -0.070946 -1.6153 -0.28654 -0.67317 -0.49887 0.10531 0.18092 0.40495 0.52388 0.2854 -0.25076 0.75149 -1.2153 0.053438 -1.0649 0.037125 -0.22833 0.30398 1.2688 -0.85494 0.4933 -0.92463 -0.1465 0.53333 0.20661 -0.05457 2.6193 -0.11424 -0.30039 -0.0018384 -0.7764 -0.58229 -0.41817 -0.040371 0.41883 -0.23931 0.2125 -0.17315 -0.31351 0.3604 0.79981 -0.17144 0.19295 -1.6196 0.34135 -0.17726
ice -0.68163 1.1578 -0.47827 0.41421 -0.53186 0.63827 -0.90381 0.50795 0.057398 -0.29163 1.1411 -0.079702 0.19951 1.1925 0.52281 0.78633 0.78555 0.32624 -1.5504 -1.0191 0.35532 -0.38875 0.92789 0.24325 -0.43162 -0.54939 -0.52209 1.0721 0.99558 -0.38605 2.2673 0.41067 -0.08973 0.29741 -0.18678 0.44329 -0.42243 0.80558 1.1306 0.14038 -0.089723 0.1341 0.47948 -0.12774 0.024234 0.051782 0.44778 -0.47974 -0.62491 -0.90005
nature 0.69917 0.64303 -1.439 0.24653 0.5186 0.074237 0.14794 -0.53328 0.42334 0.52874 -0.16226 0.39229 0.2929 -0.049215 -0.22758 0.0278 0.81454 0.085199 -0.084373 -0.017206 -0.50549 0.56167 0.043883 -0.11787 0.72582 -0.97883 -0.92599 0.31475 0.65451 0.43346 2.9418 -0.86313 -0.097198 -1.5291 -0.39909 0.22361 -0.55267 -0.24998 -0.60628 -0.14298 -0.24146 -0.57472 0.19233 0.94781 0.075044 -0.085379 0.086206 0.24632 0.52126 0.11655
earth 1.0828 0.8278 1.0101 0.012863 0.8429 -0.27394 -0.0047314 -0.47085 0.33517 0.042372 0.59308 0.16438 0.28729 1.2204 -0.034446 0.77297 0.70817 0.502 -1.373 -0.29783 -0.21993 0.27519 0.89638 -0.73123 1.439 -0.61846 -0.90979 0.28174 0.79897 0.21661 2.5256 -0.54832 -0.66141 -0.94656 -0.79848 -0.083708 -0.44645 -0.088577 0.1127 0.15461 -0.41408 -0.47965 0.22811 -0.025582 -0.58716 0.34786 0.57678 -1.2095 -0.60164 -0.89549
storm 0.76648 -0.0435 1.004 0.023024 -1.3752 -0.59183 -0.44778 0.99807 0.48704 -0.5807 -0.13704 -0.15639 0.43268 0.42912 -0.02662 -0.34538 -0.62523 -0.53198 -1.4654 -0.40254 -0.76131 -0.204 0.30217 -0.82802 0.7848 -0.7468 -0.12954 0.40479 0.69253 0.56607 2.538 0.043007 0.64473 -0.73114 -0.74961 0.26799 -0.12653 -1.2082 0.48714 -0.40238 -1.0929 0.82982 0.41134 -1.2558 -0.13823 0.56126 -0.00068973 -1.4938 -0.083548 -0.073062
cold 0.065776 0.50093 -0.56052 -0.76206 -0.61884 -0.099842 0.11455 0.4468 0.066765 -0.036494 -0.17953 -0.067204 0.28505 0.77787 0.20036 0.64272 -0.20341 0.15725 -0.83838 -0.37446 -0.31464 0.32295 1.0952 -0.25047 0.19203 -1.4469 -0.50573 1.0873 1.9172 1.1996 2.702 0.034828 -0.28479 -0.0077015 -0.47356 0.3285 -0.66162 0.34865 0.29464 -0.25905 -0.38361 0.2613 0.39353 0.25633 0.89202 0.95139 0.22781 -0.55425 -0.6592 0.068041
heat -0.88978 0.75523 0.63366 0.13724 -0.40469 0.093929 0.73536 0.69426 0.0067522 0.46388 0.34339 -0.44193 0.63356 0.6711 0.3381 0.40679 0.25643 -0.062146 -1.5983 -1.5103 -0.090815 -0.03376 1.2169 -0.71628 0.16896 -0.54064 0.74724 0.39974 1.9429 0.77383 2.7132 0.56813 -0.48148 -0.86643 -0.20721 0.58037 0.15421 0.7841 1.3174 -0.29218 0.18737 0.30854 0.24008 0.23689 0.39401 1.3933 0.42115 -0.65369 -0.39792 0.05114
stone 0.077719 1.1783 -0.018871 -0.34998 0.94139 0.49701 -0.65887 -0.52286 -0.54842 -0.49338 -1.1728 0.15369 -0.19431 0.0065365 0.075701 0.21858 1.1419 -0.20849 -0.32031 -0.54716 0.37347 -0.0033091 -0.14435 -0.6581 0.1724 -0.37284 -0.68041 0.69636 -0.017567 -0.66105 2.4091 -1.9838 0.55856 -0.036703 -0.052257 1.0019 0.55145 -0.18183 0.26432 -0.11397 0.27025 -0.1014 -0.3709 -0.11563 0.8728 0.27992 -0.10633 -1.4176 -0.58075 -1.1013
strength -0.38824 0.04878 0.52342 -0.33219 0.84228 -0.31063 0.82737 0.32984 0.30618 0.2134 0.75108 -0.03064 -0.40127 -0.58905 -0.79045 0.31293 -0.08448 0.014914 -0.60805 -1.1603 -0.71707 -0.034114 -0.0091427 -1.4318 0.034243 -0.94194 -0.79103 -0.22752 0.44424 1.0539 3.1798 1.0617 0.45072 -0.64345 0.013062 0.10501 -0.3882 0.16367 -0.07884 -0.80173 -0.14797 -0.2365 -0.36216 -0.13782 -0.011882 0.0972 0.339 0.23541 -0.57813 0.055092
edge -0.20751 0.12197 0.21494 0.3532 0.26944 -0.040494 -0.41703 -0.046761 0.19789 -0.070152 -0.3808 -0.90829 -0.55402 0.13387 -1.3488 0.49625 0.92488 -0.62995 -0.92337 -0.41971 -0.59021 0.11466 -0.503 0.20778 0.11656 -0.96781 -0.19197 0.78343 0.57021 -0.53607 2.885 0.011365 0.48128 -0.0026228 -0.21407 -0.1405 -0.6605 0.45815 0.056282 -0.55875 0.35083 0.19746 -0.2354 0.11639 -0.32154 0.32478 0.81756 -0.65714 0.095263 -0.529
dark 0.33243 0.94777 -0.799 -0.46123 1.0269 0.35119 -0.068218 -0.6871 -0.51316 -0.087043 -0.16264 0.29358 -0.08334 0.93804 0.12991 0.26202 -0.17056 -0.14422 -0.9291 -1.1021 -0.46072 0.62572 0.97887 0.046652 -0.531 -0.64159 -1.1257 1.8136 1.158 0.025825 2.3386 -0.33209 0.052015 -0.75279 -0.064086 0.43551 -0.69092 -0.65299 -0.28649 -1.0799 -0.019354 0.21862 -0.0052941 -0.10232 0.21368 0.093932 0.66609 -1.5721 -0.21456 -0.52357
grow 0.61862 -0.048698 0.7517 -0.62917 0.71985 0.26218 -0.52364 -0.97084 -0.049097 0.085228 0.61032 -0.095429 0.81688 -0.71223 0.86588 1.1529 0.36392 0.45425 0.34926 -0.61041 -0.32505 -0.84225 0.91246 -0.084617 0.52918 -0.19055 0.33642 0.15044 0.78693 0.24451 3.1382 0.77712 0.4387 -0.15823 -0.58905 -0.36858 -1.3768 0.70504 0.33494 -1.1469 -1.1212 -0.74494 0.32404 -0.26903 0.76195 -0.071868 0.47063 -0.8132 -0.66477 0.3989
rain -0.20254 0.21883 -0.15896 0.51721 -1.7501 -0.67966 -0.28534 1.1704 0.81655 0.12707 -0.27079 -0.79761 0.67789 -0.52111 0.52794 0.30362 -0.11097 -0.73089 -1.2799 -1.303 -0.67152 0.21641 1.057 -0.82842 1.1664 -0.09637 0.037445 1.0931 1.1897 0.31327 3.039 0.34655 0.24444 0.26882 -0.17778 0.26841 0.3559 -0.088738 0.39478 -0.12047 -0.79954 0.64927 0.055056 -0.48652 0.28933 0.66271 0.19153 -1.1363 -0.114 -0.5977
fly 1.0537 -0.014709 -0.03805 -0.13993 0.19326 -0.4687 -1.0596 0.27514 0.76406 -0.43631 0.6427 0.64749 0.184 1.1501 0.16316 0.32705 0.37814 -0.29703 -1.4403 -0.57214 -0.52559 0.075967 0.063498 0.29643 0.41101 -1.3983 0.66589 0.24757 0.78231 -0.91245 2.1465 0.81745 -0.72006 0.76844 0.4031 -0.34323 0.52003 -0.055061 -0.78433 0.86388 -0.053273 0.50298 0.81294 0.0093394 0.013265 -0.04093 0.11594 -0.41554 -0.73871 0.2678
wind 0.20465 0.13957 0.61922 -0.11125 -1.2909 0.041453 -0.0071437 0.50111 0.30579 0.53658 -0.096206 0.051769 0.585 0.39943 -0.73886 -0.018087 0.57525 0.46354 -1.4922 -1.8647 0.032416 -0.087108 0.34167 -0.82142 1.4041 -0.50637 -0.41899 0.40804 0.70017 0.21769 2.9612 -0.02481 0.25098 -0.034836 -0.38115 -0.4815 -0.020089 -0.21353 0.7775 0.10707 -0.42439 0.12891 0.1161 -0.078719 -0.17193 0.42985 0.29011 -0.96799 -0.53717 0.15817
ocean 1.2625 0.61209 -0.37197 0.61768 -0.69512 -0.48396 -0.57849 -0.045907 1.3086 -0.53778 0.23278 0.35408 1.1234 0.77789 -0.67334 0.21944 0.60931 0.34507 -1.8707 -0.58372 0.067207 0.45326 0.47647 -0.34456 0.83893 -0.62143 -0.10362 0.81034 0.52134 0.50691 2.6062 -0.34679 -0.1774 -0.33336 -0.22769 -0.30622 -0.90064 -0.53209 0.26933 0.0090303 -0.47572 0.083981 1.257 -0.33783 -0.84284 0.56428 0.29784 -1.1325 0.083995 -0.66339
quick 0.13967 -0.53798 -0.18047 -0.25142 0.16203 -0.13868 -0.24637 0.75111 0.27264 0.61035 -0.82548 0.038647 -0.32361 0.30373 -0.14598 -0.23551 0.39267 -1.1287 -0.23636 -1.0629 0.046277 0.29143 -0.25819 -0.094902 0.79478 -1.2095 -0.01039 -0.092086 0.84322 -0.11061 3.0096 0.51652 -0.76986 0.51074 0.37508 0.12156 0.082794 0.43605 -0.1584 -0.61048 0.35006 0.52465 -0.51747 0.0034705 0.73625 0.16252 0.85279 0.85268 0.57892 0.64483
snow -0.044719 1.3575 0.42372 0.083063 -1.2115 0.27573 -0.90287 0.28193 0.12066 -0.95591 -0.50092 -0.15034 0.44381 0.16912 0.29532 0.88257 0.26583 0.0026311 -1.24 -1.1411 -0.25527 0.14486 1.4263 -0.80217 0.79579 -0.35958 -0.40527 1.4613 1.1313 0.27958 2.1674 0.3177 -0.10946 0.30546 0.10803 0.094701 -0.33773 -0.0098902 0.73014 0.50604 -0.93652 0.71403 0.29732 -0.43021 0.48054 -0.11627 0.20659 -0.6223 0.073763 -0.37068
tree 0.62231 1.1986 -0.014116 0.20125 0.69419 0.12068 -0.90399 -1.4023 0.43357 -0.48537 -0.4645 0.15756 0.54261 -0.32467 -0.025646 0.45742 0.16561 0.18819 0.062099 -0.86418 -1.0425 -0.81157 0.3126 -0.20279 0.55734 -0.28634 -0.14874 1.0098 0.25041 -0.53195 2.3793 -0.76966 -0.63219 0.3203 0.15072 0.23326 -0.26254 -0.29461 0.7671 -0.11577 -0.68129 -0.65413 -0.58914 0.24684 1.5904 0.33025 0.41513 -1.7468 0.82453 -1.0886
sharp -0.44306 -0.32144 0.012734 -0.30481 0.083703 0.80066 0.095349 -0.22151 -0.37908 0.077235 -0.53457 -0.328 -0.39197 -0.15499 -0.46633 -0.084903 -0.32805 -1.0069 -0.60977 -1.0687 0.2612 -0.34925 -0.2164 -1.0629 0.37353 -1.2373 -0.13824 0.6911 0.35747 0.56365 2.9314 -0.014286 1.4112 0.21866 -0.094985 -0.52306 -0.6441 0.002592 -0.078992 -0.48697 -0.1742 0.9127 -0.42336 -0.46979 1.0179 -0.29822 0.80913 0.37652 0.089024 0.29731
holy 1.1368 1.2792 -1.1896 -1.4704 1.5985 -0.65001 0.12805 0.14313 0.45122 -0.088465 -0.31635 0.20866 0.10403 -0.69816 0.067388 0.29715 -0.030479 -0.43213 -0.66581 1.1484 -0.23741 -0.24197 0.17115 0.39827 -0.39634 -1.6581 -0.78378 -0.17056 0.084615 -0.34189 2.0969 0.20307 -0.90776 0.28335 -0.42296 0.07721 0.50724 -1.0394 -0.48693 1.1561 0.33847 -0.39903 -0.9754 0.62518 0.30606 0.7311 -0.56301 -0.62369 -0.9085 -1.2057
blow 0.59969 -0.48207 0.30113 -0.025509 -0.26972 0.50311 0.26912 1.0166 0.17372 0.66521 -0.49831 0.0053141 -1.0287 0.85662 -0.20216 0.11312 0.42186 -0.37328 -0.871 -0.34 -0.088045 0.020018 -0.30749 -0.66853 -0.084478 -1.9828 -0.34447 0.50819 1.1069 0.11125 2.0516 0.59279 -0.30739 0.17587 -0.201 0.34641 0.15699 -0.25805 0.16339 -0.37744 -0.49913 0.3837 -0.084339 -0.45099 0.71708 0.73254 -0.55784 0.025225 0.61902 -0.49948
sky 0.081092 0.94466 0.33658 0.42124 0.27977 -0.73385 -0.97879 -0.52544 0.13249 -0.2126 0.41312 0.19676 0.12114 0.87748 -0.16792 0.79765 -0.18026 0.23597 -1.9492 -0.84402 0.15311 1.0843 0.52439 -0.28308 0.17648 -0.37219 -0.68172 1.4701 0.48146 0.028964 1.9263 0.55726 0.092331 -0.2266 -0.41086 -0.23616 -0.12419 -1.0425 -0.22734 -0.58257 0.58536 0.20313 -0.2065 -0.41059 -0.39159 0.12677 0.10595 -0.52283 -0.0062389 -0.56913
aim 0.33571 0.058344 0.40227 -0.3317 0.24397 0.13791 0.042417 -0.41391 0.38318 0.45105 0.08936 -0.11148 -0.58255 -0.056275 -0.56674 0.12427 0.92374 -0.095402 0.27488 0.036016 0.50355 0.11659 -0.13859 -0.1635 0.06997 -1.0609 0.060337 -0.72496 0.35752 -0.061684 2.6015 0.97729 -1.0789 -0.82217 -0.43025 0.015603 -0.36125 0.17208 -0.77032 -0.29129 0.013701 -0.89015 0.25539 -0.42271 0.23426 -0.074704 -0.072582 0.63361 0.26319 -0.11322
quake 1.7386 -0.1301 1.3707 0.49212 -0.034863 0.10049 0.17538 0.36308 -0.13746 -0.39175 -0.0023983 -1.6615 1.4506 0.40055 0.53815 0.10882 -0.79998 0.4393 -0.9566 1.4014 -0.41252 0.51442 -0.56429 -1.1023 1.6446 0.0306 -0.11503 0.17386 0.15572 -0.1517 2.7068 0.25732 0.44037 -0.5519 -0.89717 1.1896 0.52384 -1.1941 1.4174 -0.025918 -1.1832 0.43179 0.43394 -1.38 -0.029903 1.0338 0.34052 0.63705 0.19243 -0.56192
flood 0.44151 0.086268 0.7134 -0.47397 -1.7659 -0.48988 -0.48963 0.34344 0.99861 -0.59851 -0.575 0.16957 1.044 -0.80428 0.25477 0.11023 0.23188 -0.21061 -0.29266 0.22441 0.1884 -0.56106 0.022271 -1.1071 0.93375 -0.69927 -0.073444 0.080797 0.35309 0.23025 2.6999 0.0022699 0.6083 -0.64175 -0.59609 1.281 0.18988 -1.0485 0.9078 0.014581 -0.98529 0.44659 0.35993 -0.59438 -0.12604 0.34139 -0.21113 -0.21171 0.16101 -0.72471
magic -0.32764 0.60483 -0.35143 0.67774 0.99561 -0.020546 -0.19875 -0.56626 -0.40417 1.3314 0.048026 0.88764 -0.2242 0.37087 0.1171 0.068529 0.16912 0.14654 -1.6596 -0.36092 -0.0081479 0.5571 -0.073005 -0.55208 0.20068 -0.56531 -0.99669 -0.26566 0.85227 -1.4291 1.8346 0.36357 -0.60862 -0.48626 0.40221 0.65554 0.17682 -0.37363 0.31739 -0.081424 0.075632 -0.05121 -0.60633 0.6913 -0.16564 1.1232 0.47785 -0.59734 0.036796 -0.53951
shoot -0.063457 -0.74436 0.92907 -0.55327 0.39437 -0.25808 -0.18677 0.02496 -0.1716 0.13956 -0.32155 -0.36284 -0.4959 0.79624 0.39866 0.11942 0.68771 -0.13261 -1.4974 -0.45722 0.086738 0.90889 0.49079 0.33484 0.44729 -1.3216 -0.3101 -0.13958 0.91776 -1.3281 1.8597 0.27072 -0.90553 0.14083 0.37231 0.52991 0.56667 -0.2061 -0.51438 -0.31816 0.17 0.36403 0.65468 -0.08143 0.59535 -0.75424 0.7991 -0.41092 0.17538 0.2694
chaos 0.8134 -0.17823 0.079171 0.0090776 -0.38373 -0.44506 0.87034 0.3856 -0.14431 0.034491 -0.1712 0.011702 -1.1234 0.093845 0.83419 0.22031 0.33094 -0.31684 -0.38029 -0.19334 0.27933 0.073497 -0.24033 0.17587 0.46511 -0.74254 -0.763 -0.22716 1.2214 1.4599 2.0981 0.53537 -0.46366 -0.83917 -1.0632 0.56305 -0.85422 -1.3843 0.18758 0.57595 -0.71006 0.54023 -0.30701 0.082137 -0.19618 0.62728 0.34338 -0.58323 0.25316 -1.1016
freeze 0.22518 0.23961 0.24307 -0.92556 -0.5839 0.16253 0.22063 0.5061 0.17643 0.37972 -0.1368 0.16011 0.42277 0.56882 0.65311 1.2506 0.36912 -0.58255 1.0962 0.25256 1.3003 -0.58396 0.20039 -0.46172 -1.1195 -1.0037 0.89176 0.44201 1.2291 0.48102 2.2859 -0.33079 -1.1465 0.85559 -0.038196 0.084855 0.30509 -0.50007 0.20794 -0.47493 -0.58298 -0.40498 0.17107 -0.1301 0.27618 -0.43183 -0.042354 0.88541 -0.58959 -0.046673
shadow 0.13684 0.51937 -0.062673 -0.036418 0.54125 -0.16555 0.21486 -0.27495 -0.40626 -0.55266 -0.23964 0.53942 -0.28356 0.93478 0.058553 0.48458 0.45979 0.27294 -0.50952 -0.20049 -0.060259 -0.11271 -0.11887 -0.38316 0.1578 -0.93991 -0.77316 0.512 0.11923 0.55813 1.6232 -0.08452 -0.25843 -0.65103 -0.4702 0.65812 -0.44829 -0.72762 -0.29248 -0.9251 -0.6755 0.26962 -0.62482 -0.38009 0.11595 0.096985 0.28184 -0.85218 0.19187 -0.59893
shield -0.29022 0.49476 -0.094358 0.25636 -0.15838 0.99941 0.46969 -0.083504 0.60858 -1.0806 0.39975 0.34933 0.1973 0.33021 -0.68525 0.89679 0.82848 0.1758 -1.2098 -0.24399 0.0030287 -0.44265 -0.57448 -0.72976 -0.86654 -1.5035 0.084802 0.32106 -0.094356 -0.63788 1.2875 0.29356 -0.28619 -0.85278 -0.48914 0.83609 0.48184 -0.76658 -0.66858 -1.4203 0.35593 -0.39114 0.47775 0.042295 0.15675 0.48645 -0.087377 0.13071 -0.36866 -0.90294
barrier -0.18401 0.4142 0.51727 0.31042 -0.28783 0.60035 0.55915 0.043274 0.75598 -0.10519 0.028045 -1.0292 0.2703 0.38082 -0.6042 0.95855 1.0505 -0.83647 -0.69671 -0.27355 -0.075348 0.10108 -1.0623 -0.72263 0.44363 -0.62877 0.65423 0.63206 1.1495 -0.13444 2.2846 -0.69281 0.12184 -0.077762 -0.62932 -0.0029114 0.92045 -0.61358 -0.18566 0.40082 -0.15621 0.010348 0.92271 0.62911 -0.42726 -0.24496 0.32639 -0.44349 -0.22 -0.94731
spell 0.045345 0.020573 -1.1015 -0.59997 -0.54092 0.13677 -0.19079 0.98851 -0.31858 0.62013 -0.41183 0.82225 -0.50083 -0.30907 0.36419 -0.0358 -0.071211 -0.41441 -0.53204 0.36438 -0.20831 0.11381 0.53424 0.10563 0.26155 -0.70312 0.4162 0.47124 0.71496 0.59367 2.2214 0.43505 -0.0084592 0.26997 0.7924 0.78734 0.42106 0.23099 -0.046003 -1.0535 -0.28655 -0.20943 -0.82106 0.28355 -0.51012 0.70508 0.7098 0.51623 0.58412 -0.30755
burn 0.10858 -0.097489 0.97704 -1.2388 -0.18843 -0.032829 -0.25383 0.1094 0.33366 0.51122 0.026946 -0.20531 0.18227 -0.15163 0.34463 0.72357 0.74773 0.032099 -0.49353 -0.55957 0.029669 -0.11995 0.44982 -0.30834 0.23607 -0.6518 -0.23523 0.3069 1.0897 -0.51567 1.7299 0.024256 -0.42801 -0.26078 -0.28461 0.807 0.7998 -0.50061 1.2523 0.2557 0.15121 -0.16701 -0.32905 -0.12131 1.1052 0.61636 0.097538 -0.7118 -0.36142 -0.28151
bow -0.048291 0.76591 -0.13756 -0.54446 -0.51872 0.41172 0.65657 0.36927 -0.54792 -0.13799 -0.10604 0.61801 -0.23757 0.76997 -1.3791 0.56718 -0.21852 0.0027546 -0.44865 -0.90242 0.0062196 0.14004 -0.061456 -0.66871 0.22852 -1.6751 -0.49468 1.2727 -0.12646 -1.2449 1.4302 0.2517 -0.28776 0.81401 0.59731 -0.18009 0.92134 -0.52141 -0.33723 -0.20877 0.097432 -0.21389 0.21288 -0.37843 0.73606 -0.37193 0.22154 -0.74399 0.42805 -0.84453
sword -0.27749 0.16458 -0.59039 -0.21153 1.2918 0.71714 1.4475 0.046474 0.08288 0.20684 0.012788 1.0847 -0.44464 -0.004326 -0.56169 -0.43552 0.35991 0.57799 -1.5555 -0.30467 0.32346 -0.1617 -0.17271 -0.96668 0.28796 -1.6996 -0.7208 -0.3002 0.38742 -0.84427 1.0902 -0.37071 -0.365 0.852 -0.19557 1.0083 -0.17677 -0.75021 -0.80681 -0.26563 0.62411 0.058115 -0.41231 0.12122 0.71635 -0.47108 0.7484 -1.2716 -0.5937 -1.3352
divine 0.94042 0.95539 -1.2389 -0.70421 1.6628 0.35059 0.77338 0.023992 0.31529 1.1614 0.52515 1.5724 0.43156 -0.0043245 -0.27282 -0.080616 -0.28727 -0.3355 -0.42311 0.41367 -0.34501 0.63974 -0.097668 -0.4793 0.5524 -0.86319 -1.107 -0.51255 0.42273 -0.1341 1.533 0.075439 -0.8346 -0.4079 -0.19103 -0.095941 0.3309 -1.3748 0.020641 0.11093 0.29896 -0.56185 -0.71407 0.67155 -0.73161 0.60961 -0.14081 -0.33273 0.031343 -0.59588
gravity 0.44869 0.30792 0.51963 -0.23368 -0.080783 0.33851 1.319 -0.66441 0.46612 0.56452 0.77622 0.54261 -0.56125 0.38692 -0.57697 0.8267 0.69314 0.25726 -1.0666 -1.1321 -0.028799 0.011453 -0.11601 -0.81817 1.064 -0.63807 -0.5906 0.42673 0.6143 0.39035 1.7772 -0.2461 -0.42136 -1.0317 -0.1296 -0.30048 0.13189 -0.41703 0.23153 0.68123 -0.25412 -0.10031 -0.0038144 0.47941 -0.59242 -0.40575 1.4054 -0.092394 -0.014985 -0.29821
slash -0.22508 -0.37364 1.0594 -1.3217 -0.80996 0.72925 -0.089342 -0.71126 0.20482 0.062846 -0.13917 0.076361 -0.10906 0.13354 0.42096 -0.012669 0.50392 -0.10229 0.48849 -0.92957 0.54317 -1.4493 -0.29537 -0.69417 -0.81202 -0.35516 0.56243 -0.037451 0.020539 0.24979 1.7505 0.8105 -0.17399 1.0963 -0.63409 -0.032451 -0.24514 -0.65269 0.46575 -0.67474 -0.35945 -0.18568 0.39755 -0.87955 0.37271 -0.16994 0.36183 0.45665 -0.92388 0.15884
flame -0.34964 1.372 0.0014152 -0.12951 0.051036 -0.053116 0.15498 -0.23395 0.40707 0.22762 0.67219 -0.15291 0.5309 0.84611 0.22527 0.6448 0.022663 0.55251 -1.3754 -1.1268 0.048612 0.022462 -0.043151 -0.62746 1.0105 -0.72562 0.27943 0.99024 0.97923 0.12929 0.65058 0.41649 -1.2817 -0.4316 -0.65771 0.56402 0.53944 -0.47074 -0.14198 0.4524 0.10825 -0.18929 -0.30518 -0.47903 1.2183 0.58333 0.30498 -1.0084 -0.13564 -1.5846
glacier 0.73386 1.4515 -0.032399 -0.27902 -0.78102 0.27697 -0.59779 0.49869 0.82617 -1.5488 0.039529 -0.30621 0.50768 -0.26993 -0.85753 0.88149 0.9872 -0.12382 -1.4236 0.34847 -0.30094 -0.49965 0.47247 0.010774 0.62277 -0.41257 -0.32709 1.3086 -0.31395 0.32431 0.17155 -0.66405 0.41687 0.55668 -0.52519 -1.0627 -1.1089 -0.017233 0.52367 0.23382 0.2416 0.34301 -0.015247 -0.30648 -0.97027 -0.87838 1.0861 -0.64564 -0.65258 -0.66323
dimension 0.68614 0.76449 0.16732 0.54556 1.574 0.16289 1.7253 -0.99566 0.31073 0.11342 0.010266 0.16129 -0.96109 0.2454 -0.016422 -0.24306 0.44568 0.050533 -0.2094 -0.41703 -0.31569 -0.15841 -0.18073 0.18989 0.23382 0.17333 -0.83949 -0.089988 0.69746 0.60546 1.938 -0.1717 -0.033769 -0.51198 -0.37616 -0.025401 -0.19298 -0.32756 -0.67133 0.016876 0.67536 -0.46789 0.17139 0.12686 -0.97634 0.55555 1.129 -0.18704 -0.2056 0.18718
tornado 0.40251 -0.64083 1.0953 0.31115 -1.0811 0.59131 -0.50092 0.41992 0.76105 -0.75449 -0.25756 -1.4308 0.40972 0.1941 -0.34603 -0.4434 -1.1595 0.76684 -2.2093 0.51073 -1.1337 -0.52036 -0.15374 -0.14935 0.56645 -0.4669 -0.71178 0.65858 1.1987 -0.31757 0.93619 -0.27968 0.93009 -0.86445 -0.11806 0.73228 1.0367 -1.3687 -0.43426 -0.24665 -0.69825 -0.189 0.030821 -0.72443 0.29044 0.93797 0.25052 -0.13264 0.025711 0.28656
frost -0.21424 0.46963 -0.03631 -0.1179 -0.75678 0.77775 -0.62189 0.17322 0.081432 -0.50798 -0.54628 0.4447 0.20834 -0.15809 0.3865 0.51449 0.62686 -0.4821 -0.65328 -0.34463 -0.2687 0.1619 1.0394 -0.36795 0.7117 -0.19199 0.048143 0.23593 0.20706 0.66152 1.0845 -0.60517 0.20504 -0.16182 -0.37105 0.096672 -0.20278 -0.037208 1.0437 -0.59499 0.16028 0.64716 -0.56691 -0.49525 0.91645 0.58995 0.30982 -0.59 -0.38468 0.64351
witch 0.5408 -0.074646 -1.3453 -0.64705 0.21374 0.91623 0.34039 -0.19264 0.25799 0.064238 -0.77657 0.73296 -0.006969 0.21532 0.36384 0.040476 0.62103 0.52071 -1.0704 0.83732 0.23607 0.4716 0.80317 0.50211 0.075655 -1.5128 -1.1039 -0.013113 0.18283 -0.28425 0.3346 -0.21964 -0.87929 0.040867 -0.042456 0.50919 -0.45571 -0.88646 -0.15165 -1.1175 -0.49429 -0.096978 -0.45859 0.074651 1.1908 0.10214 0.37167 -1.1164 0.89836 -0.44009
blade -0.41279 -0.21112 0.58355 -0.018733 0.085546 1.4516 0.82416 -0.44908 0.16203 -0.66661 0.19173 0.50648 -0.64729 0.70668 -0.63703 0.0032971 -0.27455 0.74466 -0.59191 -0.67705 -0.027424 -1.2496 0.2254 -0.087563 0.23098 -0.96656 -0.093236 0.81593 0.62813 -1.0181 1.4926 -0.51013 0.424 0.75714 -0.69405 0.6845 0.09817 0.2596 -0.061116 -0.59189 0.62266 -0.059126 -0.91503 -0.20227 0.37202 -0.7072 1.5098 -0.86676 -0.73114 -0.069895
dash -0.67842 0.64165 0.71386 0.58712 -0.65131 0.17512 0.19624 -0.47965 0.72351 -0.010651 -0.55032 -0.30251 -0.22951 0.07576 -0.51852 -0.024927 -0.20807 0.043188 -0.96757 -1.1242 0.086086 0.21231 0.46258 -0.17021 0.41484 -0.48571 -0.19894 0.27901 0.75858 -0.027889 0.8286 0.53498 -0.70031 0.71053 0.39976 0.002091 -0.069573 0.41627 -0.12409 -0.29258 1.0184 0.52039 -0.061904 -0.085601 -0.071265 0.23449 1.0868 -0.84016 0.0046317 -0.051204
heal 0.97817 -0.031369 -0.11982 -0.7355 0.183 1.2826 0.66553 1.0394 0.43001 -0.47157 0.19595 0.50543 -0.94863 -0.0076463 -0.12932 1.0912 0.1962 -0.75445 0.91094 0.32427 -1.0908 0.69159 0.24858 -0.25175 0.71393 -0.59356 0.11892 -0.4446 0.85111 -0.33973 1.7178 1.2616 -0.33085 -0.14607 -0.83744 0.79179 -0.24224 -0.16146 0.98959 -0.6296 -0.72298 -0.91419 -0.30612 0.16676 0.67144 1.0591 0.43742 -0.33291 -1.078 -0.41459
void 0.12271 0.080473 0.026724 0.043374 0.63418 0.56175 0.29962 0.55441 -0.037605 0.17474 0.14422 0.34341 -0.29677 0.67768 0.50137 0.50863 0.33339 -0.43501 0.31764 -0.40455 -0.14753 -0.23213 -0.26602 -0.048565 -0.23181 -0.33521 -0.35905 0.65597 1.0679 0.38855 1.0958 -0.25978 -0.71384 -0.61245 -0.59634 0.18297 0.57583 -0.48751 0.18943 -0.24107 -0.14796 -0.27715 -0.62041 0.92988 -1.885 0.41433 -0.45461 0.13347 -0.044538 -0.32052
shine -0.74229 0.54326 0.055565 -0.078997 0.21326 -0.7753 0.1788 -0.14166 0.0051476 0.96702 0.37975 0.64082 -0.13148 0.38113 0.25179 0.95726 0.24818 -0.23302 -0.32045 -1.1163 0.07145 0.51426 0.6363 -0.48397 0.38554 -0.18 -0.83837 0.43852 0.35435 -0.77363 0.93423 1.1349 -0.06005 -0.35668 -0.15925 0.12697 0.047044 -0.034104 -0.1701 -1.0904 -0.11457 0.14158 -0.15852 -0.6363 0.27388 0.22028 0.52163 -1.0095 -0.25969 -0.18754
arrow -0.30028 0.16017 0.47442 0.041506 0.25477 1.1248 0.32696 -0.62301 -0.061365 -0.26227 0.2936 0.23248 -0.29422 0.58954 -1.2788 0.13592 0.23097 0.53935 -1.3919 -0.35565 0.11717 -0.53656 -0.19973 -0.38571 0.18863 -1.1814 -0.59235 0.46474 0.010923 -1.2942 0.95162 -0.36664 -0.40245 0.19461 0.069235 -0.15505 0.37385 -0.72924 -0.088505 -0.039103 0.47506 -0.32259 -0.30282 -0.44041 0.42683 -0.07245 0.96378 -0.18363 0.12213 -0.53905
curse 0.12485 0.27653 -0.56019 -0.053704 0.63856 0.28375 0.44053 0.15567 0.01834 0.6872 0.011299 1.3572 0.24724 -0.20867 1.0858 0.32934 -0.037636 -0.075708 -0.61958 0.44373 -0.52696 -0.50001 0.17525 -0.3244 0.7641 -1.2994 -0.95037 -0.069898 1.0132 -0.72408 0.57962 0.29789 -0.31914 0.27155 -0.7029 0.44891 0.21473 -1.237 0.1172 -0.30376 -0.33578 0.19683 -0.75768 0.48339 0.33469 0.52694 0.25498 -0.57574 -0.25788 -0.85731
wizard -0.20124 0.078135 -0.34608 0.19151 0.38988 -0.33866 0.45508 -0.65485 -0.037555 0.50031 -0.22896 1.715 -0.42624 0.26738 0.39584 0.084727 -0.062027 1.1636 -0.89767 0.10491 0.2512 0.36936 -0.32861 0.0805 0.30914 -0.77504 -0.82317 -0.71365 -0.12651 -0.25998 0.76117 -0.55443 -0.16074 0.15432 0.51683 1.1748 -0.041401 -0.99408 -0.23533 -1.2823 0.13803 0.19693 -0.81144 0.65853 0.57837 0.22928 1.1751 -1.0076 0.15202 -0.097655
lava 0.98122 1.2436 0.84515 -0.38348 -0.92998 0.052653 0.015946 0.2074 -0.32785 1.1207 0.14186 -0.21506 0.67084 0.74315 -0.50576 0.75028 0.78 0.64183 -1.0819 -0.21607 -0.24283 -0.33292 1.5186 -0.53056 0.16921 0.15416 -0.14489 2.0097 0.18425 0.26131 1.2503 -0.96774 0.53501 -0.28086 -0.50295 0.31687 -0.59895 -0.84507 0.95327 0.72698 -0.34979 0.46876 -1.026 0.0044166 0.034151 -0.49505 0.31252 -0.84051 -1.0128 -1.9017
blizzard -0.025048 -0.31293 0.09609 0.65622 -2.0888 -0.50288 -0.92492 0.2722 0.6972 0.03152 -0.28738 -0.054581 0.22227 0.14874 0.32973 0.10119 -0.84198 0.039974 -1.3619 0.074297 -0.23552 0.01973 0.31727 -0.51345 0.31783 -0.13711 -0.56691 0.76641 0.93018 0.30641 0.61518 0.20659 0.41719 0.039289 -0.73075 0.15374 -0.088028 -1.1102 0.23547 -0.10074 -0.65881 0.15637 -0.12633 0.097698 -0.076022 0.83478 0.081944 0.10147 -0.092432 -0.29341
inferno 1.0111 -0.29702 0.40165 -0.6071 -0.73937 -0.30082 0.12662 0.011645 0.12379 1.1109 -0.32082 -0.37434 -0.73854 0.58673 0.53895 -0.7746 0.057655 0.85299 -1.3699 0.2658 -0.5641 0.45132 -0.40929 0.26491 0.28988 -0.039702 -0.82237 0.62382 0.53144 0.23249 0.35843 -0.54924 -0.075121 0.094514 -0.63259 0.596 0.13817 -1.6673 1.0003 0.48678 -0.3966 0.014042 -0.44908 -0.35311 -0.044481 1.0358 0.18037 -0.614 -0.17929 -1.1176
warp -0.31073 -0.67129 0.71013 0.42554 -0.36035 0.17827 0.33598 -1.1596 0.60958 0.28738 0.49338 0.60634 -1.108 0.52539 0.23281 0.054165 -0.51395 0.52488 0.11778 -0.95304 0.11589 -0.12907 0.35264 0.10833 0.90862 0.54144 -0.44049 -0.079815 1.3938 -0.44084 0.70191 -0.28825 -0.50594 0.11595 -0.42062 -0.043215 -0.31725 -0.35737 -0.56255 0.12721 -0.068212 -0.82615 -0.094171 0.29456 -0.80607 -0.36673 1.5274 -1.3887 -0.63561 -0.31027
aqua 0.78256 0.27687 -0.66185 -0.067854 -0.64855 -0.040544 0.251 -1.2106 0.85768 0.55573 0.78211 0.095319 0.47317 0.55619 -0.52447 -0.46851 -0.36857 0.64479 -0.37491 -0.12735 -0.60598 0.45716 0.17924 0.20664 -0.9489 0.54676 -0.51231 0.51325 -0.31877 -0.38342 0.42009 0.53204 -0.24617 0.048645 -0.7982 0.12318 -0.09078 -0.87942 0.47728 -0.79181 0.38685 -0.48159 0.1915 -0.16924 0.83981 -0.56346 0.48254 -1.2931 0.17591 0.22933
haste 0.34013 -0.79402 -0.81421 -0.7127 -0.38844 -0.051873 1.1106 0.72279 0.10835 0.22935 -0.299 0.8013 0.21409 -0.28817 -0.32466 0.3574 0.16369 -0.6639 0.49651 -0.10841 0.66231 0.29253 0.01587 -0.65945 0.82353 -0.49631 -0.035478 0.39114 0.98006 -0.10884 0.19693 0.9735 -0.05737 -0.11625 -0.66691 0.26457 0.4614 -0.065713 -0.39908 0.15318 0.035916 -0.016186 -0.17927 0.47176 -0.21386 -0.43538 -0.19066 0.33095 0.38979 0.31977
magma 0.44542 0.1598 0.90312 0.34412 -0.28589 0.24394 0.92319 0.86891 -0.34755 0.94541 0.70339 0.15243 0.7094 1.4208 -0.76923 0.95349 0.51114 0.50138 -0.62437 -0.91263 0.58088 -0.57496 0.88935 -0.60033 0.094849 0.19884 0.0049815 1.2792 -0.0084056 0.8232 0.78771 -1.5197 0.36185 -0.35213 -0.92503 -0.70356 -0.90404 -1.0506 1.3213 -0.20635 -0.17623 -0.34617 -0.79669 0.54562 -0.46839 -0.1438 0.40178 -0.36442 -0.94346 -1.3252
mana -0.34172 -0.090767 -0.27663 1.2347 -0.025085 0.40721 0.54924 0.29329 -0.74998 0.8227 0.75695 0.66006 0.60667 0.44261 -0.49732 -0.096415 0.72791 0.41489 0.13537 0.62079 -0.13758 -0.24358 0.22102 -0.35897 0.4918 0.59475 0.07276 -0.16514 -0.42938 -1.0433 0.44164 -0.067811 0.068771 1.0045 -0.3887 0.55858 0.27892 -0.61845 0.75118 -0.41252 0.37006 -0.86237 -0.36219 -0.23955 0.25185 -0.58093 -0.39947 -0.16745 1.1713 -1.0937
sorcery -0.65752 -0.38703 -0.98058 -0.038367 0.083854 0.51161 1.2418 -0.77363 -0.15829 1.2084 -0.3469 1.291 -0.25482 -0.28213 -0.037991 -0.51216 0.19072 0.78734 -1.3574 0.38016 0.65052 0.48997 0.35409 -0.25345 0.19711 -0.83659 -0.81711 -0.98473 0.48371 -0.54462 -0.20448 -0.49324 0.034191 -0.25477 0.055947 1.0411 -0.19969 -0.74666 -0.96492 0.2089 0.35661 0.15065 -0.1235 1.1255 0.88456 0.27752 0.55023 -0.82587 -0.36016 -0.9558
teleport 0.78313 -0.42375 1.1571 1.296 0.65451 -0.46461 0.34817 0.35283 0.305 0.58985 1.0099 1.0566 0.054363 0.059477 -1.2668 1.0403 -0.045761 0.40368 -0.12423 0.038161 0.78242 0.56483 0.12809 0.17071 0.1076 -0.063489 0.40839 -0.86063 0.35099 -1.1572 -0.0025403 0.64252 0.014749 -0.27338 -0.27346 -0.032724 -0.99131 -0.16336 0.05635 0.0065922 1.0489 -0.12309 0.092432 0.54112 -0.63551 -0.27892 0.36882 -0.83011 -0.361 -0.3602